81040(148660)
1419.381000000  0.004203827
1419.389000000  0.004217782
1419.397000000  0.004257787
1419.405000000  0.004315549
1419.413000000  0.004371950
1419.421000000  0.004455876
1419.429000000  0.004530617
1419.437000000  0.004598160
1419.445000000  0.004697656
1419.453000000  0.004789479
1419.461000000  0.004891291
1419.469000000  0.004981964
1419.477000000  0.005073334
1419.485000000  0.005161901
1419.493000000  0.005270138
1419.501000000  0.005355674
1419.509000000  0.005481880
1419.517000000  0.005550962
1419.525000000  0.005645364
1419.533000000  0.005730574
1419.541000000  0.005835232
1419.549000000  0.005902633
1419.557000000  0.005999157
1419.565000000  0.006075871
1419.573000000  0.006157154
1419.581000000  0.006242820
1419.589000000  0.006310306
1419.597000000  0.006381686
1419.605000000  0.006437892
1419.613000000  0.006532786
1419.621000000  0.006566362
1419.629000000  0.006625319
1419.637000000  0.006689067
1419.645000000  0.006749715
1419.653000000  0.006782228
1419.661000000  0.006850873
1419.669000000  0.006875326
1419.677000000  0.006911137
1419.685000000  0.006942406
1419.693000000  0.006988818
1419.701000000  0.007012303
1419.709000000  0.007034382
1419.717000000  0.007061050
1419.725000000  0.007069077
1419.733000000  0.007080956
1419.741000000  0.007095029
1419.749000000  0.007102307
1419.757000000  0.007105102
1419.765000000  0.007109936
1419.773000000  0.007114296
1419.781000000  0.007110072
1419.789000000  0.007091051
1419.797000000  0.007104596
1419.805000000  0.007102315
1419.813000000  0.007096027
1419.821000000  0.007069379
1419.829000000  0.007050006
1419.837000000  0.007054403
1419.845000000  0.007037015
1419.853000000  0.007009055
1419.861000000  0.007007681
1419.869000000  0.006970773
1419.877000000  0.006951852
1419.885000000  0.006937555
1419.893000000  0.006952675
1419.901000000  0.006916792
1419.909000000  0.006892499
1419.917000000  0.006852356
1419.925000000  0.006847336
1419.933000000  0.006832802
1419.941000000  0.006797518
1419.949000000  0.006801095
1419.957000000  0.006764330
1419.965000000  0.006736254
1419.973000000  0.006737329
1419.981000000  0.006721023
1419.989000000  0.006690705
1419.997000000  0.006694910
1420.005000000  0.006688023
1420.013000000  0.006667327
1420.021000000  0.006653911
1420.029000000  0.006641957
1420.037000000  0.006641251
1420.045000000  0.006629188
1420.053000000  0.006630190
1420.061000000  0.006622772
1420.069000000  0.006618326
1420.077000000  0.006612242
1420.085000000  0.006615047
1420.093000000  0.006604737
1420.101000000  0.006611841
1420.109000000  0.006603392
1420.117000000  0.006620728
1420.125000000  0.006626598
1420.133000000  0.006637551
1420.141000000  0.006630012
1420.149000000  0.006715806
1420.157000000  0.006657173
1420.165000000  0.006656076
1420.173000000  0.006667166
1420.181000000  0.006680112
1420.189000000  0.006676701
1420.197000000  0.006702203
1420.205000000  0.006703326
1420.213000000  0.006720581
1420.221000000  0.006739212
1420.229000000  0.006755016
1420.237000000  0.006743162
1420.245000000  0.006772089
1420.253000000  0.006766832
1420.261000000  0.006793522
1420.269000000  0.006783617
1420.277000000  0.006809752
1420.285000000  0.006819336
1420.293000000  0.006826560
1420.301000000  0.006827620
1420.309000000  0.006822780
1420.317000000  0.006869558
1420.325000000  0.006875793
1420.333000000  0.006873086
1420.341000000  0.006886208
1420.349000000  0.006900696
1420.357000000  0.006889894
1420.365000000  0.006893368
1420.373000000  0.006915674
1420.381000000  0.006918263
1420.389000000  0.006917067
1420.397000000  0.006926922
1420.405000000  0.006901081
1420.413000000  0.006955336
1420.421000000  0.006949158
1420.429000000  0.006998907
1420.437000000  0.007009396
1420.445000000  0.007031172
1420.453000000  0.007046359
1420.461000000  0.007050160
1420.469000000  0.007076019
1420.477000000  0.007055952
1420.485000000  0.007057197
1420.493000000  0.007037473
1420.501000000  0.007013723
1420.509000000  0.006987998
1420.517000000  0.006969681
1420.525000000  0.006929485
1420.533000000  0.006905829
1420.541000000  0.006885706
1420.549000000  0.006841924
1420.557000000  0.006813622
1420.565000000  0.006783513
1420.573000000  0.006757847
1420.581000000  0.006735100
1420.589000000  0.006740538
1420.597000000  0.006716133
1420.605000000  0.006678098
1420.613000000  0.006664562
1420.621000000  0.006663871
1420.629000000  0.006654091
1420.637000000  0.006659465
1420.645000000  0.006635691
1420.653000000  0.006631058
1420.661000000  0.006690200
1420.669000000  0.006626585
1420.677000000  0.006604474
1420.685000000  0.006582749
1420.693000000  0.006582301
1420.701000000  0.006599387
1420.709000000  0.006580140
1420.717000000  0.006564191
1420.725000000  0.006593107
1420.733000000  0.006573394
1420.741000000  0.006578159
1420.749000000  0.006573451
1420.757000000  0.006574942
1420.765000000  0.006582058
1420.773000000  0.006568236
1420.781000000  0.006581656
1420.789000000  0.006577911
1420.797000000  0.006594493
1420.805000000  0.006603023
1420.813000000  0.006627790
1420.821000000  0.006625880
1420.829000000  0.006629109
1420.837000000  0.006635683
1420.845000000  0.006664304
1420.853000000  0.006675260
1420.861000000  0.006716614
1420.869000000  0.006726211
1420.877000000  0.006748971
1420.885000000  0.006768049
1420.893000000  0.006809920
1420.901000000  0.006824501
1420.909000000  0.006831845
1420.917000000  0.006902055
1420.925000000  0.006908640
1420.933000000  0.006911176
1420.941000000  0.006968485
1420.949000000  0.006956688
1420.957000000  0.007014327
1420.965000000  0.007014848
1420.973000000  0.007071257
1420.981000000  0.007075596
1420.989000000  0.007109756
1420.997000000  0.007150922
1421.005000000  0.007157741
1421.013000000  0.007197086
1421.021000000  0.007209409
1421.029000000  0.007247638
1421.037000000  0.007252740
1421.045000000  0.007277736
1421.053000000  0.007296910
1421.061000000  0.007328571
1421.069000000  0.007346647
1421.077000000  0.007365048
1421.085000000  0.007350861
1421.093000000  0.007382206
1421.101000000  0.007366130
1421.109000000  0.007407834
1421.117000000  0.007397249
1421.125000000  0.007377770
1421.133000000  0.007406421
1421.141000000  0.007405872
1421.149000000  0.007395649
1421.157000000  0.007401800
1421.165000000  0.007394029
1421.173000000  0.007384479
1421.181000000  0.007337403
1421.189000000  0.007321537
1421.197000000  0.007276413
1421.205000000  0.007252166
1421.213000000  0.007222237
1421.221000000  0.007175069
1421.229000000  0.007120160
1421.237000000  0.007058929
1421.245000000  0.006993669
1421.253000000  0.006916762
1421.261000000  0.006803462
1421.269000000  0.006717911
1421.277000000  0.006601968
1421.285000000  0.006474195
1421.293000000  0.006356051
1421.301000000  0.006193154
1421.309000000  0.006037121
1421.317000000  0.005859545
1421.325000000  0.005680328
1421.333000000  0.005489772
1421.341000000  0.005328076
1421.349000000  0.005124095
1421.357000000  0.004936175
1421.365000000  0.004766870
1421.373000000  0.004632742
1421.381000000  0.004496707
1421.389000000  0.004394556
1421.397000000  0.004299582
1421.405000000  0.004246988
1421.413000000  0.004214586
1421.421000000  0.004190688

