21500(58570)
1420.381000000  0.000007394
1420.381187500  0.000008246
1420.381375000  0.000007706
1420.381562500  0.000007250
1420.381750000  0.000007277
1420.381937500  0.000007379
1420.382125000  0.000007709
1420.382312500  0.000007953
1420.382500000  0.000008615
1420.382687500  0.000008083
1420.382875000  0.000009109
1420.383062500  0.000008339
1420.383250000  0.000008666
1420.383437500  0.000008847
1420.383625000  0.000008537
1420.383812500  0.000009250
1420.384000000  0.000009683
1420.384187500  0.000009514
1420.384375000  0.000009786
1420.384562500  0.000009401
1420.384750000  0.000009493
1420.384937500  0.000009569
1420.385125000  0.000009981
1420.385312500  0.000009067
1420.385500000  0.000009597
1420.385687500  0.000008791
1420.385875000  0.000008996
1420.386062500  0.000009764
1420.386250000  0.000009179
1420.386437500  0.000009300
1420.386625000  0.000009154
1420.386812500  0.000009536
1420.387000000  0.000009525
1420.387187500  0.000009075
1420.387375000  0.000008982
1420.387562500  0.000009701
1420.387750000  0.000009697
1420.387937500  0.000009999
1420.388125000  0.000009357
1420.388312500  0.000009449
1420.388500000  0.000009376
1420.388687500  0.000008539
1420.388875000  0.000010058
1420.389062500  0.000009204
1420.389250000  0.000009586
1420.389437500  0.000009075
1420.389625000  0.000008945
1420.389812500  0.000009197
1420.390000000  0.000010450
1420.390187500  0.000012884
1420.390375000  0.000012611
1420.390562500  0.000009696
1420.390750000  0.000009607
1420.390937500  0.000009475
1420.391125000  0.000009165
1420.391312500  0.000008806
1420.391500000  0.000008926
1420.391687500  0.000009936
1420.391875000  0.000008980
1420.392062500  0.000008588
1420.392250000  0.000008982
1420.392437500  0.000008609
1420.392625000  0.000008673
1420.392812500  0.000009358
1420.393000000  0.000010079
1420.393187500  0.000009294
1420.393375000  0.000009531
1420.393562500  0.000009762
1420.393750000  0.000009591
1420.393937500  0.000010210
1420.394125000  0.000010081
1420.394312500  0.000008848
1420.394500000  0.000009120
1420.394687500  0.000009779
1420.394875000  0.000009293
1420.395062500  0.000009379
1420.395250000  0.000009568
1420.395437500  0.000010142
1420.395625000  0.000009538
1420.395812500  0.000009186
1420.396000000  0.000009261
1420.396187500  0.000009906
1420.396375000  0.000009546
1420.396562500  0.000009813
1420.396750000  0.000009742
1420.396937500  0.000009367
1420.397125000  0.000010160
1420.397312500  0.000010297
1420.397500000  0.000009882
1420.397687500  0.000009440
1420.397875000  0.000009694
1420.398062500  0.000009035
1420.398250000  0.000009210
1420.398437500  0.000008805
1420.398625000  0.000010130
1420.398812500  0.000009755
1420.399000000  0.000010183
1420.399187500  0.000009277
1420.399375000  0.000008809
1420.399562500  0.000009162
1420.399750000  0.000009066
1420.399937500  0.000010822
1420.400125000  0.000009661
1420.400312500  0.000009788
1420.400500000  0.000009818
1420.400687500  0.000010016
1420.400875000  0.000010066
1420.401062500  0.000011527
1420.401250000  0.000009535
1420.401437500  0.000009652
1420.401625000  0.000009642
1420.401812500  0.000009690
1420.402000000  0.000013949
1420.402187500  0.000010632
1420.402375000  0.000010625
1420.402562500  0.000010663
1420.402750000  0.000010142
1420.402937500  0.000013437
1420.403125000  0.000011452
1420.403312500  0.000011547
1420.403500000  0.000011262
1420.403687500  0.000011054
1420.403875000  0.000012378
1420.404062500  0.000011705
1420.404250000  0.000012765
1420.404437500  0.000012677
1420.404625000  0.000013968
1420.404812500  0.000016938
1420.405000000  0.000128739
1420.405187500  0.000016971
1420.405375000  0.000013946
1420.405562500  0.000012808
1420.405750000  0.000012636
1420.405937500  0.000011245
1420.406125000  0.000012203
1420.406312500  0.000010928
1420.406500000  0.000011264
1420.406687500  0.000011309
1420.406875000  0.000011534
1420.407062500  0.000013609
1420.407250000  0.000010221
1420.407437500  0.000010641
1420.407625000  0.000010627
1420.407812500  0.000010718
1420.408000000  0.000014189
1420.408187500  0.000009846
1420.408375000  0.000009504
1420.408562500  0.000009520
1420.408750000  0.000009579
1420.408937500  0.000011650
1420.409125000  0.000009897
1420.409312500  0.000009835
1420.409500000  0.000009720
1420.409687500  0.000010192
1420.409875000  0.000009772
1420.410062500  0.000010535
1420.410250000  0.000008988
1420.410437500  0.000009157
1420.410625000  0.000009071
1420.410812500  0.000009335
1420.411000000  0.000010176
1420.411187500  0.000009744
1420.411375000  0.000009852
1420.411562500  0.000009186
1420.411750000  0.000009577
1420.411937500  0.000009854
1420.412125000  0.000009728
1420.412312500  0.000009711
1420.412500000  0.000010025
1420.412687500  0.000009848
1420.412875000  0.000009546
1420.413062500  0.000009396
1420.413250000  0.000009308
1420.413437500  0.000009463
1420.413625000  0.000008840
1420.413812500  0.000009061
1420.414000000  0.000009310
1420.414187500  0.000009786
1420.414375000  0.000009646
1420.414562500  0.000009742
1420.414750000  0.000009348
1420.414937500  0.000009214
1420.415125000  0.000009220
1420.415312500  0.000009282
1420.415500000  0.000009073
1420.415687500  0.000008556
1420.415875000  0.000009246
1420.416062500  0.000009491
1420.416250000  0.000009942
1420.416437500  0.000010020
1420.416625000  0.000010115
1420.416812500  0.000009709
1420.417000000  0.000009814
1420.417187500  0.000009880
1420.417375000  0.000009807
1420.417562500  0.000009226
1420.417750000  0.000009124
1420.417937500  0.000009215
1420.418125000  0.000009090
1420.418312500  0.000009339
1420.418500000  0.000009793
1420.418687500  0.000008969
1420.418875000  0.000009329
1420.419062500  0.000009113
1420.419250000  0.000009423
1420.419437500  0.000009555
1420.419625000  0.000012858
1420.419812500  0.000013244
1420.420000000  0.000010129
1420.420187500  0.000009056
1420.420375000  0.000009352
1420.420562500  0.000008777
1420.420750000  0.000008625
1420.420937500  0.000009431
1420.421125000  0.000009526
1420.421312500  0.000009391
1420.421500000  0.000009558
1420.421687500  0.000009324
1420.421875000  0.000010142
1420.422062500  0.000010135
1420.422250000  0.000009541
1420.422437500  0.000008900
1420.422625000  0.000009085
1420.422812500  0.000009236
1420.423000000  0.000009498
1420.423187500  0.000009140
1420.423375000  0.000009285
1420.423562500  0.000009318
1420.423750000  0.000009321
1420.423937500  0.000010309
1420.424125000  0.000008826
1420.424312500  0.000009186
1420.424500000  0.000009017
1420.424687500  0.000008961
1420.424875000  0.000009981
1420.425062500  0.000009254
1420.425250000  0.000009432
1420.425437500  0.000009973
1420.425625000  0.000010536
1420.425812500  0.000009489
1420.426000000  0.000009217
1420.426187500  0.000008948
1420.426375000  0.000008841
1420.426562500  0.000008440
1420.426750000  0.000009145
1420.426937500  0.000008964
1420.427125000  0.000008587
1420.427312500  0.000009280
1420.427500000  0.000008348
1420.427687500  0.000009849
1420.427875000  0.000009451
1420.428062500  0.000007957
1420.428250000  0.000007435
1420.428437500  0.000008101
1420.428625000  0.000007802
1420.428812500  0.000007982

